0000   08 00 27 63 cf 53 52 54 00 12 35 02 08 00 45 00
0010   00 ae 00 46 00 00 40 11 ab 44 c0 a8 01 fe 0a 00
0020   02 0f 00 35 de cd 00 9a 82 97 b1 ff 81 80 00 01
0030   00 03 00 00 00 00 0d 73 74 61 74 69 63 2d 6d 6f
0040   62 69 6c 65 08 71 75 73 74 6f 64 69 6f 03 63 6f
0050   6d 00 00 01 00 01 c0 0c 00 05 00 01 00 00 00 c3
0060   00 3c 0d 73 74 61 74 69 63 2d 6d 6f 62 69 6c 65
Niuyyuuuuuuuuuuuuu
0070   08 71 75 73 74 6f 64 69 6f 03 63 6f 6d 14 73 33
0080   2d 77 65 62 73 69 74 65 2d 75 73 2d 65 61 73 74
0090   2d 31 09 61 6d 61 7a 6f 6e 61 77 73 c0 23 c0 38
00a0   00 05 00 01 00 00 00 1f 00 02 c0 53 c0 53 00 01
00b0   00 01 00 00 00 28 00 04 b0 20 65 04 12 21 32 12 12 23 34 34 


0000   08 00 27 63 cf asdkjad 53 52 54 00 12 35 02 08 00 45 00
0010   00 ae 00 46 00 00 40 11 ab 44 c0 a8 01 fe 0a 00
0020   02 0f 00 35 de cd 00 9a 82 97 b1 ff 81 80 00 01
0030   00 03 00 00 00 00 0d 73 74 61 74 69 63 2d 
0040   62 69 6c 65 08 71 75 73 74 6f 64 69 6f 03 63 6f
0050   6d 00 00 01 00 01 c0 0c 00 05 00 01 00 00 00 c3
0060   00 3c 0d 73 74 61 74 69 63 2d 6d 6f 62 69 6c 65
0070   08 71 75 73 74 6f 64 69 6f 03 63 6f 6d 14 73 33
0080   2d 77 65 62 73 69 74 65 2d 75 73 2d 65 61 73 74
0090   2d 31 09 61 6d 61 7a 6f 6e 61 77 73 c0 23 c0 38
00a0   00 05 00 01 00 00 00 1f 00 02 c0 53 c0 53 00 01
00b0   00 01 00 00 00 28 00 04 b0 20 65 04 12 21 32 12 12 23 34 34 


0000   08 00 27 63 cf 53 52 54 00 12 35 02 08 00 45 00
0010   00 4d 00 3c 00 00 40 11 ab af c0 a8 01 fe 0a 00
0020   02 0f 00 35 db 86 00 39 3d 6b 2a b4 81 80 00 01 asd asad asd 
asdada 
0030   00 01 00 00 00 00 02 63 6c 08 71 75 73 74 6f 64
0040   69 6f 03 63 6f 6d 00 00 01 00 01 c0 0c 00 01 00
0050   01 00 00 00 2d 00 04 36 f3 78 97 99 33 22 33 22 

0000   ff ff ff ff ff ff 00 08 74 4f 36 23 08 00 45 00
0010   01 48 b3 11 00 00 80 11 86 94 00 00 00 00 ff ff
0020   ff ff 00 44 00 43 01 34 ae 85 01 01 06 00 3e 5e
0030   0c e3 00 00 00 00 00 00 00 00 00 00 00 00 00 00
0040   00 00 00 00 00 00 00 08 74 4f 36 23 00 00 00 00
0050   00 00 00 00 00 00 00 00 00 00 00 00 00 00 00 00
0060   00 00 00 00 00 00 00 00 00 00 00 00 00 00 00 00
0070   00 00 00 00 00 00 00 00 00 00 00 00 00 00 00 00
0080   00 00 00 00 00 00 00 00 00 00 00 00 00 00 00 00
0090   00 00 00 00 00 00 00 00 00 00 00 00 00 00 00 00
00a0   00 00 00 00 00 00 00 00 00 00 00 00 00 00 00 00
00b0   00 00 00 00 00 00 00 00 00 00 00 00 00 00 00 00
00c0   00 00 00 00 00 00 00 00 00 00 00 00 00 00 00 00
00d0   00 00 00 00 00 00 00 00 00 00 00 00 00 00 00 00
00e0   00 00 00 00 00 00 00 00 00 00 00 00 00 00 00 00
00f0   00 00 00 00 00 00 00 00 00 00 00 00 00 00 00 00
0100   00 00 00 00 00 00 00 00 00 00 00 00 00 00 00 00
0110   00 00 00 00 00 00 63 82 53 63 35 01 03 3d 07 01
0120   00 08 74 4f 36 23 32 04 c0 a8 01 65 36 04 c0 a8
0130   01 01 0c 04 4e 6f 68 6f 3c 08 4d 53 46 54 20 35
0140   2e 30 37 0b 01 0f 03 06 2c 2e 2f 1f 21 f9 2b ff
0150   00 00 00 00 00 00


0000 08 00 20 0a 70 66 08 00 20 0a ac 96 08 00 4f 00 00 7c 3f 86 00 00 fb 01 49 af c0 21 9f 06 84 e3 3d 05 07 27 28 84 e3 3c 20 c0 2c 41 12 c0 46 47 05 c0 21 9f 02 c0 21 9f 06 c0 46 47 06 c0 2c 41 1a 84 e3 3c 1e 84 e3 3d 87 00 00 00 aa 56 2f 00 00 00 29 36 8c 41 00 03 86 2b 08 09 0a 0b 0c 0d 0e 0f 10 11 12 13 14 15 16 17 18 19 1a 1b 1c 1d 1e 1f 20 21 22 23 24 25 26 27 28 29 2a 2b 2c 2d 2e 2f 30 31 32 33 34 35 36 37



